#! FIELDS Id Weight Mean_0 Mean_1 Mean_2 Cov_00 Cov_01 Cov_02 Cov_11 Cov_12 Cov_22 Beta
     0  1.8680644300e-02      5.9235968     6.1868728    -0.0308741  7.4106773121e-02 5.2583504019e-02 -9.9899571673e-02 9.8236657741e-02 -1.2659859050e-01 2.5895196445e-01  0
     1  3.2580746000e-03      5.4737986     6.5207686    -1.8716141  3.5209130391e-02 8.7847614710e-03 3.8551800450e-03 2.8428805077e-02 2.7745247020e-03 1.3640800827e-02  0
     2  4.2160989000e-03      6.1244458     5.4285003     0.9929243  6.9696865620e-02 -8.9866252760e-03 -3.8340389942e-02 2.5074019081e-02 -7.1176281700e-04 4.0856844659e-02  0
     3  1.2945828000e-03      5.4692600     4.9949499    -2.1259789  1.8221206896e-02 5.5543610250e-03 5.2044283200e-03 1.5024505112e-02 -4.2274251200e-04 1.5861454672e-02  0
     4  3.7975623000e-03      5.2697293    10.3277431     0.1146414  4.1439176158e-02 3.5122789140e-03 2.3498735035e-02 2.3909130461e-02 4.1560464710e-03 3.8982749099e-02  0
     5  1.1653406000e-03      5.4872858     9.6568312     0.8995296  2.1539932684e-02 2.3490313205e-02 7.7698761220e-03 5.5407779477e-02 7.7808752450e-03 1.4071863089e-02  0
     6  8.4364820000e-04      6.1433763     6.4887659    -0.0064637  1.3316657801e-02 -3.2443824500e-04 -6.1141104950e-03 7.9127384360e-03 7.1096155400e-04 1.8941173551e-02  0
     7  2.1927000000e-04      4.6649701     9.8277137     1.0520451  1.6922286129e-02 1.7899868000e-05 1.4697976819e-02 2.3320146440e-03 1.7785860000e-05 1.7174478645e-02  0
     8  7.0779750000e-04      4.6065108     6.5267880    -1.0101548  1.1909351546e-02 -4.8419438400e-04 -1.5223335530e-03 8.1197311120e-03 -2.6238669960e-03 1.4924804026e-02  0
     9  2.1635186000e-03      4.1984836    11.6922086    -0.2260288  2.4244138325e-02 4.4518552910e-03 1.4182055353e-02 9.7161268768e-02 6.8197411747e-02 8.3774167772e-02  0
    10  2.9532961000e-03      5.4279573     6.0604262    -2.7477877  3.0814409619e-02 -8.1071524190e-03 7.2609131630e-03 6.2210602637e-02 -3.4867369300e-03 1.0836099542e-02  0
    11  8.6072140000e-04      4.3790047     6.0765892    -0.7350700  1.1615040371e-02 -1.4839247960e-03 1.5211199090e-03 1.1287764557e-02 5.7651246000e-05 1.1437025197e-02  0
    12  1.6534595000e-03      4.7806683    11.0085182     1.2470349  5.8493066708e-02 -1.3765472380e-03 -6.7565673880e-03 7.2961453459e-02 -1.0353536853e-02 1.2853891649e-02  0
    13  2.4735738000e-03      2.1266725     7.0213236    -0.9459535  2.0985787873e-02 2.3473008160e-03 -1.4187293700e-03 2.5749001875e-02 1.5888090300e-04 9.5761917020e-03  0
    14  2.6398616000e-03      5.1313924     5.3866352    -1.0547472  3.8789526017e-02 -2.7411042144e-02 -8.3852116300e-04 4.4810827619e-02 5.3861069520e-03 1.0512030819e-02  0
    15  2.1274747000e-03      6.4084045    10.2740852    -0.9707458  1.8446929948e-02 4.5254718490e-03 4.3374471000e-05 2.3979908760e-02 1.5500510940e-03 1.4572355506e-02  0
    16  1.7066345000e-03      3.8168893     5.6786085     0.4293410  1.4488318553e-02 -1.2411193844e-02 -7.2146009550e-03 3.6519221692e-02 1.4736752417e-02 2.0753455842e-02  0
    17  2.1779922000e-03      2.6709842     6.3021491     0.6793306  2.3275402307e-02 -5.3329445560e-03 9.4108185280e-03 1.5295570466e-02 -7.1110436980e-03 2.1096510709e-02  0
    18  4.6204961000e-03      6.2475901     7.2947267    -1.8886879  1.7053344049e-02 -1.4322728040e-03 2.6719316530e-03 7.5794845168e-02 -2.8814076124e-02 2.6865763879e-02  0
    19  7.2476399000e-03      4.2380296     8.0933237    -1.9636974  8.6100669537e-02 -9.0448718250e-03 1.9605869784e-02 3.5898752865e-02 -1.8660640989e-02 4.8320376291e-02  0
    20  2.1398182000e-03      4.8062523     7.3536079    -0.0656221  4.1126694981e-02 -1.6113151679e-02 -2.8467465984e-02 2.1855997069e-02 1.7533710660e-02 4.7870303633e-02  0
    21  1.4663348000e-03      3.0991434     5.5811792     0.1826215  1.7271065022e-02 2.0936657890e-03 8.7805521750e-03 9.9575929490e-03 1.0538271440e-03 2.0569560997e-02  0
    22  2.6920977000e-03      3.8272047    10.7763685     0.7271789  3.8851602078e-02 -5.2516070610e-03 -2.8527563869e-02 4.1292108090e-02 1.5422365496e-02 4.2376219095e-02  0
    23  1.4219517000e-03      5.0358090     9.5872615    -0.6276153  4.4787850640e-02 -1.3991196216e-02 1.6763907562e-02 3.8038590097e-02 -6.1394503870e-03 1.7842691206e-02  0
    24  1.2301531000e-03      6.4317534    11.1732962    -1.3655599  7.2516381820e-02 2.1268034080e-03 5.1993652482e-02 1.7893390618e-02 1.0651847000e-05 5.5931617980e-02  0
    25  1.0276560700e-02      4.6671263     5.1289177     0.5818587  3.6783016174e-02 -1.8088654489e-02 3.4507481205e-02 6.4095836944e-02 -5.0913855554e-02 1.0443707322e-01  0
    26  2.0178326000e-03      5.6997981     6.5587917    -2.8619411  3.9325217868e-02 -1.0218923021e-02 -2.1195213320e-03 1.4850307514e-02 3.4813081640e-03 1.4922793895e-02  0
    27  1.1498265000e-03      3.3195898     7.5292710    -0.7140521  7.5447753410e-03 2.6287413030e-03 -4.5045020690e-03 1.6424839625e-02 -7.7602504850e-03 2.1689177079e-02  0
    28  5.8228871000e-03      5.5579676     7.1502471    -1.2401533  6.2770057149e-02 -8.1651640250e-03 -5.1086939116e-02 2.2052933181e-02 5.3426026680e-03 1.0566908140e-01  0
    29  6.1308640000e-04      4.6999991     5.2224467     1.0658032  1.0333995880e-02 -1.8294532170e-03 -3.9621661280e-03 1.4062464136e-02 -1.1959649650e-03 1.2275088154e-02  0
    30  8.3262290000e-04      3.9647924     9.2823009    -3.3241254  3.5182725678e-02 1.5600531527e-02 -5.4109399510e-03 1.5391121308e-02 -4.6851782100e-04 1.5941388957e-02  0
    31  1.0935284100e-02      4.6537319     6.1705002     0.8558112  5.5704754271e-02 2.7699839554e-02 -7.1471783671e-02 4.6332832545e-02 -6.7816211649e-02 1.9161387162e-01  0
    32  1.4277748400e-02      3.7111050     6.6313711     0.3592456  1.0754346911e-01 6.4320380258e-02 -7.0637285473e-02 8.1075682857e-02 -5.8570794477e-02 9.8480565511e-02  0
    33  1.5416222000e-03      2.7859021     6.8498105     0.2060013  6.7130645140e-03 -3.6740425740e-03 -2.6305340020e-03 4.5419761744e-02 1.3342169959e-02 1.7194783092e-02  0
    34  3.4455234000e-03      4.3598589     9.2783924    -2.8290400  1.4404753973e-02 -1.1458587890e-03 -4.7638560500e-04 9.1900882669e-02 1.0383324502e-02 1.5380751841e-02  0
    35  2.3997834000e-03      5.6923783     5.1621558     0.3702938  4.7368425552e-02 3.6273482951e-02 -2.3963397653e-02 5.9388525945e-02 -3.0475531008e-02 2.9588030031e-02  0
    36  2.2188948000e-03      5.1211784    10.2600549    -0.1269848  6.7767035967e-02 1.2808787735e-02 -3.1126311272e-02 1.1792953275e-02 -1.0526849757e-02 6.0444027963e-02  0
    37  2.1941140000e-03      3.8700795     8.8600723    -2.9407945  3.7994167695e-02 1.3426983470e-02 2.7844634429e-02 2.0764771875e-02 1.4325894296e-02 3.8314107293e-02  0
    38  1.5138109000e-03      3.7517463     8.3801657    -1.1399367  1.2230985444e-02 2.2113010320e-03 -1.7299045808e-02 1.1380376517e-02 -5.7506823250e-03 7.6672165776e-02  0
    39  4.1800300000e-04      2.4289460     9.3920274     0.4522563  1.1230320293e-02 3.5945430980e-03 -2.8499282250e-03 9.4511916470e-03 -9.7721557900e-04 8.9564939800e-03  0
    40  1.0016760000e-04      5.1202667     7.8278000    -3.4922337  2.3148412910e-03 0.0000000000e+00 -0.0000000000e+00 2.3152908850e-03 -0.0000000000e+00 2.3146946280e-03  0
    41  8.2975719000e-03      2.8167553    10.8871529    -0.3557748  3.8204886148e-02 4.8549201990e-03 1.7770150561e-02 2.9387904354e-02 9.9468425840e-03 6.4557519259e-02  0
    42  4.2064338000e-03      4.5172591     8.9432251    -0.1763293  8.4352077694e-02 -6.5484079000e-04 -9.9066247180e-03 2.3598690898e-02 5.7328374270e-03 1.9185155543e-02  0
    43  3.2385113000e-03      6.6138665    10.3266878    -0.2295037  1.1916787339e-01 -5.5881348900e-03 3.0245351536e-02 1.7265312606e-02 5.3331499100e-04 2.1460751484e-02  0
    44  2.4973415000e-03      3.1122521     6.6165193     0.5027202  3.3898086785e-02 -3.3100528540e-03 2.2596620609e-02 2.2372892227e-02 -8.4282337700e-03 3.6736549997e-02  0
    45  2.0106830000e-03      3.2973782     8.3426252    -1.0379540  2.3421317263e-02 -9.2525219040e-03 1.0230005852e-02 2.3159652722e-02 -1.3581018502e-02 4.3902938791e-02  0
    46  5.7432474000e-03      6.2319149     6.6889597    -0.7435197  4.8203599092e-02 1.7470629401e-02 2.6368012398e-02 5.0638165896e-02 1.7063631751e-02 5.1532621359e-02  0
    47  6.4804867000e-03      3.9823312     9.2638060     0.0931721  4.4664924571e-02 2.2028173986e-02 -1.9370599623e-02 7.9615916556e-02 1.6508694206e-02 4.6162519362e-02  0
    48  5.8307549000e-03      3.5945780     9.6163154    -0.0508258  5.8826340959e-02 1.4641920239e-02 1.4585260674e-02 8.8639406453e-02 -4.3673390611e-02 4.8416738157e-02  0
    49  1.4127437000e-03      6.5118872     5.5950824     1.0456507  1.2290754633e-02 1.4101191360e-03 2.4148072760e-03 2.7971220167e-02 1.3360562345e-02 1.5073028684e-02  0
    50  2.4264308000e-03      5.1747776     6.6438600    -2.2902501  1.9634557719e-02 1.2188541140e-02 1.0265962850e-02 2.8208375472e-02 1.0435252410e-02 2.5846607573e-02  0
    51  3.0268610000e-04      6.0490470    10.1109846     0.0077071  8.8546630579e-02 -2.3729734410e-02 -1.9761120000e-06 9.2524175230e-03 -6.2401050000e-06 2.3317771590e-03  0
    52  1.8299404000e-03      5.9481527     7.7624873    -2.0765197  3.8108222118e-02 1.3106666148e-02 5.4860344240e-03 1.7220182508e-02 2.2763979860e-03 1.0380460686e-02  0
    53  4.1645721000e-03      3.1000721    10.8717948     0.2180280  3.7314906019e-02 -2.4732393850e-03 3.2304603200e-03 2.5184802885e-02 1.1779441284e-02 3.1959996960e-02  0
    54  1.0088928000e-03      4.3694166     4.5816280    -1.9919620  9.7129715400e-03 -6.6639692300e-04 1.5272877000e-05 4.3225146087e-02 3.7643503000e-05 2.3649499410e-03  0
    55  2.2321830000e-03      6.0396050    10.5421669    -0.9768808  1.2904778009e-02 -1.2954194310e-03 6.0103581970e-03 5.2506862927e-02 -1.0796258582e-02 2.8418069637e-02  0
    56  3.1225338000e-03      5.6213397    10.0050699    -1.3537699  7.0840345565e-02 2.7850655389e-02 3.4326002790e-02 3.4423266623e-02 1.1051646377e-02 4.8392024610e-02  0
    57  4.9606957000e-03      3.7260723     6.1060250    -1.3353877  2.9730915511e-02 2.2548753480e-03 4.2939271970e-03 2.0739761962e-02 -3.3988154020e-03 6.8053282540e-02  0
    58  1.1729749000e-03      7.1622836    10.1046388     0.3906723  7.7153349380e-03 -7.2021286100e-03 1.0018925956e-02 4.6446030177e-02 -3.0503403912e-02 3.6198167084e-02  0
    59  2.0003203000e-03      4.5922033     7.2303330    -1.2147754  1.3672370529e-02 -7.8155900000e-05 6.4124873460e-03 1.3793662437e-02 3.0327804200e-03 2.9472275418e-02  0
    60  1.8640207000e-03      5.2578164     6.9030228    -2.0032087  1.7471222768e-02 3.3409390030e-03 -1.2256391930e-02 1.7006518226e-02 -7.7067264960e-03 3.0551539871e-02  0
    61  2.9949927000e-03      3.2619581     6.6042908     1.5920791  4.7962535255e-02 -4.8422366490e-03 1.8512274034e-02 1.1633095846e-02 -1.6073949760e-03 2.5551892770e-02  0
    62  1.8263073000e-03      3.4664542     9.7549220    -1.5647403  4.9118750294e-02 -1.4701713510e-02 -4.2923105380e-03 2.0831078526e-02 5.1878417000e-04 1.0362293017e-02  0
    63  1.4883870000e-03      6.6821644     5.1399694    -0.4239155  1.2280272978e-02 -4.7545955180e-03 -8.3412019960e-03 1.4592488116e-02 1.0363516512e-02 2.4907921365e-02  0
    64  3.5234188000e-03      3.6499515     7.0229249    -1.2638669  2.3063748712e-02 6.0177158000e-03 1.8455452339e-02 3.3855559549e-02 1.4978390877e-02 4.6110344370e-02  0
    65  1.4454559000e-03      4.6660196     5.0362857    -0.0289861  1.9232966173e-02 1.0022517739e-02 -6.0714186110e-03 1.9053009519e-02 -3.8317426110e-03 1.6188882261e-02  0
    66  1.7980101000e-03      5.5326705     6.2827472     0.6328267  3.7806196769e-02 -4.1776519440e-03 -3.3184924446e-02 1.1498046194e-02 3.2475081680e-03 4.5579034256e-02  0
    67  8.5998600000e-04      6.3537807     5.9041980     0.3404576  3.5508423492e-02 -1.8808149455e-02 6.8897434000e-05 2.2947285254e-02 -6.7865080000e-05 2.4250508550e-03  0
    68  1.1807946400e-02      4.9447641     8.3851051    -2.6656131  8.7717795847e-02 6.2240395640e-02 2.2443365278e-02 8.5636193520e-02 2.2359877197e-02 4.8384848609e-02  0
    69  2.2557801000e-03      3.0396292     6.7250929    -0.1522160  1.5201022815e-02 -2.3011548630e-03 -1.2133770102e-02 1.4944327814e-02 7.0220632700e-03 4.2806366346e-02  0
    70  2.8461757000e-03      6.0099189     5.2404018    -1.9458172  2.2084441369e-02 9.5655311910e-03 -8.1283012970e-03 3.1171893815e-02 -5.1354071340e-03 2.2597181896e-02  0
    71  5.7170140000e-03      3.6387468     8.3967179    -2.5738078  4.3651478855e-02 -1.3006091049e-02 -1.3952356189e-02 5.4212596369e-02 5.2541882790e-03 2.9978948106e-02  0
    72  9.1350240000e-04      3.7086972     5.5862705    -0.0785655  1.0127366150e-02 -6.5377226800e-04 -1.5379953800e-04 1.1556757605e-02 -9.3487829600e-04 1.1592633020e-02  0
    73  8.2556410000e-04      4.4741168     5.9035475    -1.7126276  1.2451490289e-02 3.5609374840e-03 5.6419696060e-03 1.1385778349e-02 1.6294516570e-03 1.3366269645e-02  0
    74  2.6490191000e-03      3.8427646     6.1335213     1.0520213  3.7351527159e-02 -3.6855127120e-03 -3.3132063287e-02 1.1985985872e-02 7.9291341650e-03 6.4996242480e-02  0
    75  3.4288296000e-03      3.5136969     8.7519877    -0.6475337  4.0092222768e-02 2.4088010307e-02 -1.1259592780e-02 7.5914093005e-02 -6.7543970780e-03 2.0546018357e-02  0
    76  4.5019890000e-04      4.8736453     6.2300631    -0.6585577  1.1148621330e-02 7.7450076400e-04 -2.9510038000e-05 9.2562621110e-03 -7.4102900000e-06 2.3743343570e-03  0
    77  9.3519422000e-03      3.3859983     7.0310237    -0.8395150  3.5784147512e-02 4.2760448650e-03 -1.9896308587e-02 3.7545249675e-02 -1.1819485442e-02 7.1032549284e-02  0
    78  3.9443822000e-03      4.4200212    10.9577131     0.2825455  3.8529012278e-02 -3.3319219910e-03 -1.2490830683e-02 3.1752257480e-02 -2.2512197457e-02 5.2390889019e-02  0
    79  1.0725967000e-03      4.8345795     6.0649976     1.1917947  1.4263370955e-02 1.1211051460e-03 -6.4843707460e-03 1.1302725155e-02 3.6618046200e-04 1.4692994846e-02  0
    80  7.6449165000e-03      3.0337498     9.8541011     0.6455466  3.8625552476e-02 1.9455180733e-02 1.2290922942e-02 8.6770688813e-02 3.5883814514e-02 6.3235378333e-02  0
    81  2.2163576000e-03      3.5451531     6.2966474    -0.8854987  3.4320372555e-02 1.4361960354e-02 -4.3351537500e-03 2.2141737559e-02 -2.7695775890e-03 1.4812411214e-02  0
    82  4.4651684000e-03      4.4386257     7.8363710    -2.7042679  8.2017829797e-02 -1.5642261747e-02 -8.1012596000e-04 2.2609034391e-02 -3.9415898940e-03 3.4222169784e-02  0
    83  6.9320810000e-04      3.1273601     5.7321147     1.0073708  2.3591491238e-02 5.4212011700e-04 -2.8526094000e-05 1.0457980414e-02 -7.9638840000e-06 2.3839320900e-03  0
    84  4.8545828000e-03      3.6782869    10.5234062    -0.7828232  1.6222797420e-02 -5.6761142890e-03 4.2502789020e-03 6.3488462815e-02 3.5323269743e-02 6.3561844275e-02  0
    85  3.6423565000e-03      5.6995999     7.2850344    -0.6513032  1.8068467583e-02 2.0895689525e-02 -2.6052623717e-02 6.6296386698e-02 -5.8768966358e-02 8.1656097007e-02  0
    86  1.5316266000e-03      6.0131136     5.7624362    -1.6853039  1.1103747335e-02 -7.1944654500e-04 -1.2620591270e-03 1.5015203333e-02 1.2058929344e-02 4.2665645540e-02  0
    87  2.5173186000e-03      2.5675795     7.0786222    -1.5284632  1.7358721797e-02 -3.6360550150e-03 -2.9464685610e-03 2.5909693108e-02 9.1558526690e-03 2.0706166348e-02  0
    88  1.1660333000e-03      2.7948616     6.5615082     1.0744180  2.2342312742e-02 -1.5261634244e-02 -6.2014378390e-03 2.2568901750e-02 7.0308877640e-03 1.1724063486e-02  0
    89  7.0735874000e-03      5.8334424     9.9487564    -0.8726449  6.7524416445e-02 -3.1413951290e-02 6.8968861966e-02 6.2558369798e-02 -6.0641184015e-02 1.2715200708e-01  0
    90  9.7403710000e-04      4.8708599     5.8279536     0.0131238  1.0777598360e-02 6.3856346480e-03 -3.2816748760e-03 1.5047900892e-02 -5.4342503920e-03 1.7718579454e-02  0
    91  9.7820470000e-04      5.4907241     7.5867717    -0.9074422  1.0657078575e-02 -5.9667990150e-03 -1.1979590660e-03 2.7458741191e-02 8.0299171280e-03 1.0292697974e-02  0
    92  2.7040140000e-04      2.2869624    10.6611336    -0.9947715  2.3197052940e-03 8.1100000000e-09 9.7647030000e-06 2.3113345250e-03 1.6612000000e-08 2.0682080310e-02  0
    93  9.4575240000e-04      5.6216571     8.0747502    -1.0750527  1.4257439438e-02 -9.4035986300e-04 -6.5508290700e-03 9.6782680020e-03 5.5964710900e-04 1.0645659729e-02  0
    94  1.7970323000e-03      5.3170017    10.8686059    -0.0170264  2.0441036095e-02 2.8726119080e-03 -5.3730936350e-03 2.2145906131e-02 -6.7141122280e-03 2.4628088704e-02  0
    95  2.0331566000e-03      4.0588128     9.5405355    -1.6948141  9.8435147960e-03 7.3742240500e-04 -1.0097565012e-02 3.4154055043e-02 7.2404413260e-03 4.1694391396e-02  0
    96  2.1595943000e-03      3.4363897     6.9247035     0.1549520  2.9867215450e-02 1.6010756070e-03 -1.5493642454e-02 1.0044846409e-02 -8.5703005280e-03 5.1376217323e-02  0
    97  8.6866980000e-04      4.8924555     4.6891144    -1.9566375  1.0734272112e-02 4.2218221010e-03 -1.1610781960e-03 1.3382672788e-02 2.0276158550e-03 1.3831639386e-02  0
    98  2.0086190000e-04      2.9536000     8.5841561     0.1744331  2.3147180350e-03 1.0615000000e-08 -7.1320000000e-09 9.2175769360e-03 -1.0390000000e-08 2.3148225300e-03  0
    99  6.5649430000e-03      5.9035454     5.0899219     0.7099106  2.7230619329e-02 -1.5047681400e-02 -8.3287724180e-03 6.3995238486e-02 4.5306173040e-03 3.4596495493e-02  0
   100  3.2608570000e-03      5.2654363     5.7769483    -2.2903796  8.7916956271e-02 2.0826882240e-03 1.3564080635e-02 1.9129887301e-02 -8.2218646800e-04 1.4665865378e-02  0
   101  1.5088754000e-03      3.1701758     9.5942972     0.9519861  3.2814480327e-02 -3.0067659253e-02 -3.6872490640e-02 5.0039545611e-02 4.2078992738e-02 6.3565024185e-02  0
   102  1.1790845000e-03      3.4579851     9.9680598     1.2696315  4.6659356757e-02 -3.5472544616e-02 -1.0866542230e-03 4.1846687661e-02 -7.3935183180e-03 1.6918864586e-02  0
   103  1.0356544000e-03      5.8024398     5.0429128    -0.1468789  3.7978858135e-02 -7.5339921770e-03 -1.6560254576e-02 8.2985620710e-03 3.4700544850e-03 1.7400593443e-02  0
   104  4.9360390000e-03      4.4093330     6.7669829    -0.8404575  2.8948085259e-02 7.6329191080e-03 -1.1726825283e-02 1.0442284084e-01 -2.8051612697e-02 2.8255568215e-02  0
   105  9.5633629000e-03      4.4174636     5.5592760    -1.6219905  6.6251713137e-02 1.0301233164e-02 4.9275819857e-02 3.6438146508e-02 2.0715434406e-02 8.8485957168e-02  0
   106  1.2598428000e-03      2.6598160    11.0161737     0.2542255  1.3681731246e-02 -4.1721581900e-04 -4.8158372490e-03 1.2849704104e-02 -3.7828421650e-03 2.3332208358e-02  0
   107  8.4775710000e-04      2.2097463     6.2763791     0.5597765  1.2061835440e-02 8.8615054600e-04 5.1299791000e-05 8.3075023440e-03 2.6750558120e-03 8.2790446590e-03  0
   108  1.4630364900e-02      4.3134497     9.6155615    -1.0848435  1.6296975236e-01 5.8884507885e-02 -3.0062746838e-02 8.1833381514e-02 -5.3306752998e-02 7.9132006698e-02  0
   109  2.7241497000e-03      4.7714874     7.5691645    -1.0871984  3.2880192262e-02 5.5959895350e-03 1.4445458541e-02 1.6269542217e-02 2.8487104780e-03 2.3929974772e-02  0
   110  5.4893720000e-04      5.0653687     6.7674435    -1.6592195  1.1922075815e-02 1.8829452910e-03 -2.2074521000e-05 1.1747952949e-02 2.3097610000e-06 2.3698076090e-03  0
   111  1.4088468400e-02      5.1123891     7.6382139    -2.4607239  1.8232471512e-01 6.7095951523e-02 -2.5620042124e-02 5.7325375894e-02 -1.4280845022e-02 3.8823825856e-02  0
   112  2.2278933000e-03      5.3028409     6.0552392    -1.6510850  3.5557685274e-02 -1.5665557030e-03 -2.1781630480e-03 1.1135563932e-02 -8.3318372500e-04 1.9260356548e-02  0
   113  2.9756559000e-03      3.7592945     9.1218119    -2.1478405  6.2491813104e-02 2.4032466490e-02 -6.8299116310e-03 2.9177326399e-02 -8.3804058170e-03 1.7685246399e-02  0
   114  1.5938436800e-02      5.1248450     6.7635443    -0.3742954  6.5785973699e-02 4.7100590029e-02 -8.8562484106e-02 8.1999376709e-02 -1.0905205169e-01 2.4941865256e-01  0
   115  5.5277015000e-03      2.5767054     9.5398646    -0.0496258  5.1397962060e-02 4.6507043340e-03 8.2836943650e-03 3.0337148625e-02 -4.2911522300e-03 3.2175128935e-02  0
   116  2.2012562000e-03      6.6372247     9.6019524     0.0239276  7.2446465977e-02 2.6882679750e-03 2.1315458590e-02 9.3494444560e-03 2.5031153020e-03 8.4349064535e-02  0
   117  2.1461002000e-03      5.0071939     5.5630108    -2.9660342  1.8371578539e-02 2.6580752010e-03 1.0015010866e-02 1.3279542458e-02 9.4954143370e-03 3.7803285198e-02  0
   118  8.6832167000e-03      3.2868841     6.0864443     1.8089768  1.4427029883e-01 -7.4929110162e-02 -9.3641989680e-03 7.5087468225e-02 2.0665370882e-02 2.8754506761e-02  0
   119  4.8627615000e-03      2.5942347     6.7489190    -1.2437895  3.0281390446e-02 -9.4262009830e-03 -5.8756524390e-03 3.6947067486e-02 1.9189034258e-02 3.0538724538e-02  0
   120  3.2132899000e-03      4.5067206     4.9407163    -1.7352660  3.0012778900e-02 -2.2912621430e-03 1.5339601952e-02 1.7367042870e-02 4.2939174310e-03 3.3010120391e-02  0
   121  3.0574487000e-03      5.2728711     5.3810766    -2.5482166  1.9131884988e-02 1.1510913986e-02 -8.4963064170e-03 4.2089794109e-02 -2.5187217068e-02 3.1865253489e-02  0
   122  1.1022231100e-02      5.8105199     5.8676814    -1.1794143  7.2521279514e-02 -3.2469841494e-02 4.9098800898e-02 5.1383569487e-02 -3.3187610267e-02 7.4856878194e-02  0
   123  2.6335371000e-03      4.6244946     5.7822573    -2.8935641  2.3802580607e-02 -5.2092836620e-03 -1.2674537580e-03 2.9948004971e-02 -2.5253607200e-03 1.2600696341e-02  0
   124  1.2005121000e-03      4.8478817     4.7231469    -1.5738274  1.8362070413e-02 9.9926433600e-04 -4.9064759510e-03 1.5917677966e-02 -2.4623664520e-03 1.0957909416e-02  0
   125  6.9245412000e-03      5.1676357     4.9836094    -1.8160264  9.8544217159e-02 1.8902672333e-02 -6.1901585960e-03 2.9070042182e-02 -2.5999547200e-04 2.6371546975e-02  0
   126  5.5887967000e-03      5.6782475     6.3774947    -2.5387865  3.6785961462e-02 -6.0052562340e-03 -1.1473118353e-02 4.1386737692e-02 -3.7453522030e-03 2.7096086974e-02  0
   127  2.5818826000e-03      5.4579187     8.6112890    -2.0566753  5.9588998593e-02 2.9060400371e-02 3.7654477108e-02 4.0727671131e-02 1.1394993647e-02 4.1949152008e-02  0
   128  1.6732594000e-03      3.4614770    11.1708933    -0.9661530  7.4777419023e-02 -6.2215830385e-02 -1.7636894836e-02 7.6580256615e-02 1.4760989165e-02 2.2284538491e-02  0
   129  3.0059277000e-03      2.2991186     9.8215388    -0.2331602  2.0005779838e-02 7.8361453930e-03 -7.7687871280e-03 3.0178570499e-02 -1.5684678160e-03 2.8925596194e-02  0
   130  4.3932364000e-03      4.7853991     5.8780805    -2.5697788  5.1189464680e-02 -1.1210597639e-02 6.4028154250e-03 2.4761541639e-02 -5.8351492960e-03 3.3680357250e-02  0
   131  2.7996002000e-03      5.3960997     4.9293754     0.9865102  4.3862032724e-02 1.2758565436e-02 7.0166068280e-03 2.0986555004e-02 1.3596815524e-02 2.8716237867e-02  0
   132  3.4248017000e-03      3.0294130     6.4328235    -1.6193536  1.1985522162e-02 -1.5771840280e-03 -2.4572566040e-03 1.7071861049e-02 6.6821421210e-03 6.3077130838e-02  0
   133  9.3735520000e-04      5.4228878    10.0397238     0.5433151  1.9889626824e-02 -1.2233468489e-02 1.6366976190e-03 2.6410037891e-02 9.3928211600e-04 7.4735341690e-03  0
   134  2.9177859000e-03      5.0999458     9.1242077    -1.7030201  5.3602165396e-02 -6.2715460113e-02 2.1566251131e-02 1.5573120775e-01 -3.7609902621e-02 2.1868398852e-02  0
   135  1.3401655000e-03      5.2641378     5.3501833    -0.5571150  1.8895058457e-02 4.5973034740e-03 -5.4490869700e-04 2.8936565237e-02 -8.0491523030e-03 1.2212100783e-02  0
   136  3.4218439000e-03      3.0085129     7.0533520    -0.4617533  4.1832315104e-02 -3.5485469270e-03 1.4386463901e-02 2.3795624262e-02 -1.1626771175e-02 2.5311565965e-02  0
   137  3.3607324000e-03      5.7461421     8.9474633    -1.6086466  3.1775210880e-02 -1.5765015866e-02 9.3534062720e-03 2.8423167046e-02 -1.2538183844e-02 3.8062131903e-02  0
   138  2.2846615000e-03      5.3656248     5.7105351     0.7778188  1.5079740602e-02 1.3975889013e-02 -3.4458509890e-03 7.5064182281e-02 -1.8121199700e-04 1.2721120332e-02  0
   139  1.7524939000e-03      5.4377698    10.7888141    -0.9902137  3.6038367634e-02 5.5167970030e-03 1.0750259566e-02 1.6747349702e-02 7.0727886810e-03 1.5095790563e-02  0
   140  1.1965918000e-03      3.9908016     8.6286096    -1.8077865  1.5279412655e-02 -1.0981750734e-02 3.1188504820e-03 2.5227846532e-02 -7.2180420810e-03 1.3786330879e-02  0
   141  4.0675805000e-03      4.1251174     9.9306381    -0.0255217  6.2701258358e-02 -1.9535296880e-03 1.1713767310e-02 1.2801156463e-02 -1.4630317100e-04 3.6781673925e-02  0
   142  6.0589221000e-03      4.2733307     8.9936860    -0.5377022  8.5756551172e-02 1.7392946140e-03 2.1139898554e-02 4.4151240264e-02 6.7213666740e-03 2.5440949679e-02  0
   143  3.6955617000e-03      3.2636109     8.8988814    -1.0004277  1.9874922510e-02 7.8345032430e-03 -9.1333273880e-03 6.2479559106e-02 2.5245803610e-03 2.8292448637e-02  0
   144  3.0805144000e-03      4.6964102     7.7803701    -0.6019420  7.2332382554e-02 -1.7146271100e-04 -2.6306770210e-02 1.1959934141e-02 -6.7748804200e-04 2.5187317904e-02  0
   145  7.9685255000e-03      6.4644674    10.5889440    -0.5590421  8.6536318500e-02 -2.5094948632e-02 4.1776425400e-03 3.2172256552e-02 5.6197135540e-03 3.9112517247e-02  0
   146  3.1833814000e-03      3.4820629     8.8489842    -2.4167108  3.6463329686e-02 2.1463988058e-02 -9.4371436060e-03 4.4278648427e-02 7.5034235930e-03 3.9655243872e-02  0
   147  1.9163646000e-03      4.8010946     5.4714953    -2.3619364  2.4171251179e-02 4.2373122650e-03 5.9708173280e-03 1.4290135188e-02 2.6400232590e-03 1.5535619406e-02  0
   148  2.9370213000e-03      4.9900919     9.7584957    -0.9495899  2.4680063371e-02 1.5798654075e-02 -2.0355836711e-02 8.3430573724e-02 -8.1409339466e-02 1.0662862923e-01  0
   149  1.2541795000e-03      4.1917715     7.3728506     0.3809176  1.0717115342e-02 2.1139085710e-03 4.3705809400e-04 1.2783123127e-02 4.3018619890e-03 1.6825846619e-02  0
   150  1.8433713000e-03      4.8678494     9.5545370     0.2570994  1.3274708480e-01 9.6446847300e-04 -2.3271179303e-02 2.1993999993e-02 -6.4560225130e-03 1.3763527113e-02  0
   151  3.2656331000e-03      1.9373681     7.4085652    -0.9497113  4.4815446590e-02 -6.2499646700e-04 -2.3567796841e-02 1.1335128522e-02 -1.7102074440e-03 3.5435135114e-02  0
   152  1.8182987000e-03      2.8231276     6.4071046     0.3171786  2.8402596017e-02 -5.7366526450e-03 -1.3063974795e-02 1.2625014935e-02 3.2483578770e-03 1.9550435187e-02  0
   153  2.0656269000e-03      4.4899374     7.4915691    -0.8245122  3.5279380763e-02 1.3325183007e-02 1.0081036572e-02 2.4311118341e-02 4.1745224870e-03 1.9067285805e-02  0
   154  1.0753574000e-03      4.2719914     6.5021051    -0.4926954  3.7443402738e-02 4.2192144820e-03 -4.0820460000e-06 1.6855199980e-02 -1.1522535000e-05 2.4055446290e-03  0
   155  2.7842393000e-03      4.7741706     9.5115173    -0.3342604  4.2494903749e-02 -7.5655530460e-03 -1.7504468757e-02 2.1076668219e-02 7.1977604660e-03 2.2463355895e-02  0
   156  1.5960208000e-03      6.8504805     9.3563686     0.3659039  7.3712293990e-02 1.9531805864e-02 -1.3812867967e-02 2.8175271166e-02 1.0881281563e-02 2.4221210362e-02  0
   157  5.8435150000e-04      4.0343889     9.2185847    -1.0306086  1.1747098913e-02 -2.1081427000e-04 6.1863906400e-04 9.0457053620e-03 5.1947467800e-04 1.7217892930e-02  0
   158  1.7098945000e-03      4.4044645     8.5766992    -0.2493300  3.7544119480e-02 -5.8693419360e-03 6.5809252890e-03 1.6055806385e-02 -2.9748023150e-03 1.1204548739e-02  0
   159  6.9644400000e-03      2.7885072     9.4526262     0.4209522  6.1329169536e-02 1.0138206739e-02 4.8387207403e-02 6.4743448176e-02 3.6839905923e-02 8.5822856433e-02  0
   160  5.3830739000e-03      3.9399734     5.5595276    -1.8676381  1.8968953243e-02 -1.0315062711e-02 -1.7694203750e-03 6.3470754057e-02 4.1067764330e-02 6.4948638640e-02  0
   161  1.0819081000e-03      6.4532059     5.7503724    -1.0669326  2.3822395850e-03 2.1748118000e-05 -1.1121155000e-05 2.9209471693e-02 -2.2519529694e-02 3.9805208576e-02  0
   162  2.6501380000e-03      6.3005329     5.4465395    -0.5644219  1.4245095797e-02 -1.4162960227e-02 4.8777638900e-04 6.5228757779e-02 -5.4614000310e-03 1.3939495726e-02  0
   163  3.4887598000e-03      4.6140092    10.8523894     0.4985093  1.0609989176e-01 -5.4383191046e-02 -9.9049170625e-02 4.6506487419e-02 6.4700850331e-02 1.2645971007e-01  0
   164  6.5560000000e-04      4.8930148     6.1151924    -2.7328591  1.7710106592e-02 -5.6522995300e-04 -3.2738736820e-03 8.1247938190e-03 -1.3442394000e-05 1.0083264964e-02  0
   165  1.3906079000e-03      4.6522164     5.4904222    -2.7808582  4.4713918996e-02 7.5545730790e-03 -3.2575083340e-03 1.4312197684e-02 1.5550866070e-03 9.7073479910e-03  0
   166  1.8852540000e-03      3.8151864    10.1209134     0.8740805  1.5079859198e-02 -1.4719716500e-03 1.5574818130e-03 1.7520660889e-02 -1.4615920836e-02 3.9075553838e-02  0
   167  2.7207325000e-03      5.3066550     7.1227474    -1.6285321  1.7960394838e-02 -1.2142643400e-04 2.2013010140e-03 3.7803591430e-02 1.3499525566e-02 1.7752147423e-02  0
   168  1.4045124000e-03      3.4296311     5.6847629    -1.9067810  1.3304541866e-02 -6.3448017260e-03 -4.0223527090e-03 2.3453697794e-02 4.9780645810e-03 9.9081435160e-03  0
   169  5.9772419000e-03      6.4355865     5.2660675    -0.0644915  1.3810041504e-02 -2.5691067430e-03 8.1850059640e-03 5.2671480942e-02 3.5565394320e-03 5.3434701324e-02  0
   170  1.8517421000e-03      4.0959195    10.0892215    -1.3331704  1.4756513827e-02 2.4335944970e-03 6.4008049390e-03 3.4306602252e-02 7.9433362900e-04 2.1729418429e-02  0
   171  2.6112868000e-03      4.6927350    10.2102713    -0.1136973  5.2583195673e-02 -5.9685089450e-03 -3.0735343106e-02 3.7487376640e-02 -1.3003381420e-03 3.1352204521e-02  0
   172  1.9438563000e-03      4.1115460     5.7319537    -2.2590556  2.3653121537e-02 -1.3624149823e-02 1.6881534662e-02 2.7555359032e-02 -1.6661141960e-02 3.7212029372e-02  0
   173  5.4189886000e-03      5.3965202     8.9637336    -2.4149541  2.3344272060e-02 -9.4119969330e-03 1.3500134427e-02 3.3234668438e-02 4.9924671880e-03 7.0719285534e-02  0
   174  1.2446981000e-03      5.3545685     5.9331269     1.4298648  9.1205777760e-03 -3.2793615030e-03 -1.5209651660e-03 1.7624472168e-02 4.4258492390e-03 1.0731118372e-02  0
   175  2.0264918000e-03      6.2247817     5.1176562     0.9589072  3.1725937392e-02 1.1807057822e-02 1.1425257780e-03 1.9351747215e-02 4.3414107370e-03 1.4784737495e-02  0
   176  6.0835250000e-04      5.3386890     6.4248772    -0.4918524  1.4035648366e-02 -3.2852784160e-03 -2.5457355000e-05 1.1091403185e-02 2.7001177000e-05 2.3843415190e-03  0
   177  2.0915978000e-03      6.3106676     5.1868653     0.4400434  3.1334345746e-02 3.6241276243e-02 -7.9765967050e-03 7.0484182511e-02 -1.1884207090e-02 1.3168921387e-02  0
   178  3.3194872000e-03      4.5581388    10.2898894    -1.4730521  4.1671495125e-02 -1.9260990445e-02 2.4142754016e-02 4.3719668944e-02 -2.9181726930e-03 3.9795239750e-02  0
   179  1.2333417700e-02      3.5770982     5.9975621    -0.3040683  2.8803321754e-02 -1.1211744410e-03 -6.1766589160e-03 4.0575486528e-02 -3.9091728780e-02 2.1603416769e-01  0
   180  1.6411327000e-03      3.6954039     9.4164562    -2.7076470  9.4265661150e-03 -1.1156942000e-04 5.4540318570e-03 2.1764355689e-02 -1.3385842534e-02 3.3837728796e-02  0
   181  1.7110126000e-03      3.2084208     6.0888477     1.2746209  9.6641922690e-03 4.3108061400e-04 -1.9216412990e-03 1.1034302711e-02 -1.5067662280e-03 3.4997901943e-02  0
   182  6.1105220000e-04      4.1197374     6.6133847     0.1475471  2.4049285120e-03 1.3037377000e-05 8.5820730000e-06 1.3923772719e-02 5.9301955040e-03 1.9919667343e-02  0
   183  4.0885460000e-03      3.5271571    10.3998403    -1.2468706  2.6391482777e-02 9.7656529970e-03 -1.4588297799e-02 1.0372832024e-01 3.1231359280e-02 4.5894648405e-02  0
   184  2.0106503000e-03      4.1142338     6.3982946     0.6751615  1.8610608908e-02 -1.5330975734e-02 -9.5352464570e-03 4.6288811923e-02 1.8697502810e-02 2.1784720068e-02  0
   185  6.5666770000e-04      5.7113341     5.5308253    -0.4918381  3.5641725692e-02 8.8683787500e-04 9.5652070000e-06 1.1530520225e-02 -2.3899110000e-06 2.4257260890e-03  0
   186  4.1560130000e-03      5.9703448     7.2546337    -1.5418158  5.0239073425e-02 -5.5796573586e-02 6.5969213670e-03 1.0658371507e-01 -2.9911899090e-03 2.4326233718e-02  0
   187  1.4169013900e-02      4.5362406     5.9327357    -0.2646848  3.0881544532e-02 -1.1413342842e-02 1.0981993333e-02 1.7876451516e-01 -1.1760276312e-01 1.1443008461e-01  0
   188  2.9258783000e-03      3.0942269     8.8290629    -2.7976481  1.7789966207e-02 -8.9633467230e-03 -9.0436986480e-03 2.0897593833e-02 1.3886931199e-02 4.3527441494e-02  0
   189  6.5137893000e-03      3.2826363     8.9648675    -0.2799934  1.9684076047e-02 6.5538676960e-03 1.1992162584e-02 3.3267057999e-02 2.1094012464e-02 1.1146192041e-01  0
   190  1.8234755000e-03      4.7721805     6.6243361     0.3789096  4.4793725739e-02 1.4438500248e-02 7.8665595200e-04 1.7649558005e-02 -8.9667330100e-04 1.1908363871e-02  0
   191  7.0596440000e-04      4.3845928     5.4250696     0.6320557  1.1176799902e-02 -2.3414812220e-03 -4.4390758000e-05 1.0493882549e-02 -1.8967941650e-03 7.9314928150e-03  0
   192  6.1959820000e-04      3.4265632    10.3275895     0.5076069  5.8086884535e-02 5.2136201000e-05 4.1590528471e-02 2.4106701530e-03 2.1283523000e-05 4.4007341750e-02  0
   193  2.8594167000e-03      4.4906594    10.8840665    -1.2975971  6.8866251416e-02 6.3472843560e-03 2.3811416830e-02 1.6847477659e-02 5.1281401810e-03 3.1700652354e-02  0
   194  1.2108842000e-03      2.0639057     9.4081205     0.2313190  9.6664814430e-03 -1.0174453100e-04 -2.6743660540e-03 9.7438125260e-03 -3.5438216710e-03 2.5258303126e-02  0
   195  1.3178220000e-03      4.8206218    11.0987159    -2.1869061  6.7691943663e-02 7.4907957140e-03 1.3717068372e-02 2.1079609922e-02 1.3962030980e-03 2.5885402349e-02  0
   196  3.7825374000e-03      3.0336607    10.8760572     0.5974064  2.9826160517e-02 5.2142346010e-03 1.7878888190e-03 3.9884946800e-02 -9.0527924520e-03 1.9870194761e-02  0
   197  2.5212745000e-03      3.6119371     5.9088987     0.2171966  4.5104598603e-02 1.7118237282e-02 -1.2013701937e-02 3.4601190588e-02 -9.2004694280e-03 2.0642989544e-02  0
   198  1.5432542000e-03      4.7538395     5.8261350     0.8924670  1.0285709250e-02 -2.1835497980e-03 -2.3642647870e-03 1.3878589437e-02 2.1532739980e-03 2.5533492476e-02  0
   199  5.1314394000e-03      4.1082711    11.2159478    -0.1741880  8.0039111725e-02 -1.1955635206e-02 1.8418795678e-02 3.1305393001e-02 -3.1986284090e-03 1.9774546763e-02  0
   200  1.0327669000e-03      2.5244098     9.8197266     0.2765526  9.4127181720e-03 -1.0808525100e-04 -1.7463652100e-04 1.7748557478e-02 4.3971561390e-03 1.1248449262e-02  0
   201  3.6660600000e-03      2.6619377     9.9078182    -0.4010933  3.8010117689e-02 -7.2101855300e-04 -7.7216841990e-03 2.7652200788e-02 1.7720025754e-02 3.1785152371e-02  0
   202  1.7797476000e-03      3.4338635     6.2362643    -0.2581263  3.3745949126e-02 2.4650280684e-02 -3.7366878440e-03 3.5827199452e-02 -3.3298650490e-03 1.3580833155e-02  0
   203  2.1890490000e-03      4.5760001     9.6971735    -2.4596808  7.5589354129e-02 -1.7083614716e-02 -2.3525489808e-02 3.4530529202e-02 1.9379767109e-02 2.4242291408e-02  0
   204  1.0683478000e-03      5.4137569     6.1252838    -1.0731315  1.2223200784e-02 -6.9496511420e-03 -3.0145355380e-03 2.2205339151e-02 6.5342652670e-03 1.0950151684e-02  0
   205  1.9824936000e-03      5.7855897     7.9407156    -1.6571854  1.7529957633e-02 3.6567504410e-03 4.6043435040e-03 2.5058083481e-02 -2.5314914430e-03 1.6459386823e-02  0
   206  6.7920192000e-03      3.5586767    10.2234069    -0.4694050  9.4618668273e-02 1.7449449773e-02 4.9123040493e-02 2.5990841979e-02 2.9700775390e-03 6.5363847205e-02  0
   207  3.4963117000e-03      4.2720763    10.4229947     0.2824501  5.3861694131e-02 -1.1798565140e-02 6.6905434624e-02 1.5488457191e-02 -2.8620974695e-02 1.5973769022e-01  0
   208  5.0246412000e-03      5.1103749    10.0776838    -1.8095934  2.9343799256e-02 1.5607824395e-02 9.3642272710e-03 5.9126023760e-02 5.1938776948e-02 8.1473696797e-02  0
   209  6.6931260000e-04      5.6513960     5.1229953    -1.4104011  1.9130234543e-02 4.6784338530e-03 -1.9377918661e-02 9.2362186100e-03 -7.3269156340e-03 3.1579705742e-02  0
   210  2.9980150000e-03      5.7213894     6.9625808    -1.7284222  1.5468384140e-02 1.5098546610e-03 1.3380523150e-03 5.0179654161e-02 -1.7334869074e-02 2.4416311789e-02  0
   211  9.5341530000e-04      3.4661773     6.5630431     1.1176799  1.2315737413e-02 1.9882576750e-03 2.7074012350e-03 1.0186868088e-02 1.0467173200e-04 9.1670405930e-03  0
   212  1.9153383000e-03      5.9133460     7.7009846    -1.3061440  1.2522113486e-02 -4.5030969490e-03 -1.5180266650e-03 3.9463569888e-02 -2.9092259350e-03 1.7302342016e-02  0
   213  5.9153014000e-03      3.0762199     6.1110465     0.7488851  3.4369856238e-02 7.1728575710e-03 -3.8852331530e-03 5.5920427603e-02 2.4865735879e-02 4.0866685293e-02  0
   214  3.6318356000e-03      4.3738999    10.1953891     0.4456755  1.0749420071e-02 -1.2881908930e-03 4.1803197610e-03 7.8336351599e-02 -2.8241730612e-02 5.3208649173e-02  0
   215  5.1752264000e-03      4.5009644     9.0079280    -1.8126051  2.0959877113e-01 3.8582410885e-02 6.1069727644e-02 2.3197028901e-02 1.4202278639e-02 3.2795053994e-02  0
   216  3.7353729000e-03      5.7392080    11.0179237    -1.0238163  4.5338685145e-02 -2.0447089316e-02 9.5795858500e-03 3.3118990769e-02 -1.1155697424e-02 3.1933856594e-02  0
   217  1.3547429000e-03      4.1013521    10.3868549    -0.3604643  1.5410347563e-02 -2.3979049900e-03 -1.1656297790e-03 1.5018865466e-02 4.4352186360e-03 1.8145450978e-02  0
   218  2.3490029000e-03      6.1927280     5.5296616    -1.0586125  2.1577816034e-02 1.0940710090e-03 1.1319029761e-02 1.8892697388e-02 -2.8608036370e-03 2.8488535166e-02  0
   219  4.2228074000e-03      2.8378818     6.8038682     2.0947746  3.2989275905e-02 -1.4608961172e-02 -1.2347036573e-02 4.7702413384e-02 1.1449925092e-02 1.8118418237e-02  0
   220  1.9923175000e-03      4.7397920     8.2006581    -3.1169854  1.4993715138e-02 -3.9194456990e-03 3.5848681920e-03 3.7442768607e-02 -1.7519098460e-03 1.4142027554e-02  0
   221  2.2475314000e-03      4.7311750     5.8398653    -1.1499108  1.0949967199e-02 -7.5428510000e-06 4.0697861800e-03 2.6199100380e-02 -5.7796939440e-03 2.5215495688e-02  0
   222  3.8785132000e-03      4.6147326     9.2980425    -0.6537115  3.8472714187e-02 -8.0444522110e-03 -2.1366220570e-02 2.6380681197e-02 -9.4631476230e-03 8.8112235423e-02  0
   223  2.5285678000e-03      5.2786148     6.6746338    -2.6729131  1.9655169346e-02 -6.2721446820e-03 -7.4187011350e-03 2.1753300527e-02 9.5421532780e-03 2.7367042540e-02  0
   224  1.0442207500e-02      3.6914507     5.6281193     0.9632562  3.4774544973e-02 -7.5483043010e-03 2.0922108331e-02 4.5170128321e-02 -1.7960256211e-02 8.3144701347e-02  0
   225  3.7089740000e-03      4.6349747    10.7061766    -1.1061112  1.4847874212e-01 7.2611183129e-02 -9.4607578790e-03 6.3565678334e-02 -3.0849599000e-03 1.5336772143e-02  0
   226  5.6872270000e-04      4.7189268     6.5620172     0.8408569  9.4450351290e-03 -2.8568730400e-04 1.1809230000e-06 1.3203488058e-02 1.2907420000e-05 2.3690062820e-03  0
   227  2.5186041000e-03      3.6023856    11.5058459     0.0408667  4.2530553666e-02 -1.1633723950e-02 1.4050024293e-02 3.7384549710e-02 -1.4417758087e-02 2.3880818275e-02  0
   228  7.4980670000e-04      5.1245854     7.2639409    -2.5713954  1.8333756663e-02 -1.5824244030e-03 -6.7324342390e-03 1.7913018705e-02 -3.0922150550e-03 9.9794721160e-03  0
   229  2.3279357000e-03      3.3264511     7.9722191    -1.9849060  2.0442726784e-01 -1.5486207048e-02 4.0330267733e-02 2.4736027098e-02 -6.0974359050e-03 2.2203643919e-02  0
   230  4.2441600000e-04      5.4011778     5.4136038     1.5073089  8.3054770170e-03 -1.5424074900e-04 -2.4123490000e-06 9.2724023580e-03 3.1396980000e-06 2.3907480690e-03  0
   231  2.3083938000e-03      5.4702245    11.0527523    -1.7801161  2.0299858720e-02 3.3629872560e-03 -5.6135535730e-03 1.6163351109e-02 4.7882756330e-03 2.2029749762e-02  0
   232  4.0973248000e-03      3.5125175     6.1533242    -1.8818208  7.5396265198e-02 -2.0719247427e-02 -4.1402933793e-02 2.5942819520e-02 1.1861456956e-02 3.6779399349e-02  0
   233  1.0072368000e-03      5.5452139     5.8967766    -0.6117175  1.0351250367e-02 2.2140439990e-03 2.5795855080e-03 1.1273274217e-02 -1.9418829300e-04 1.0946421007e-02  0
   234  5.8324211000e-03      3.9444545     6.1240093     1.6916221  8.9570830585e-02 -6.3681823188e-02 5.3235662120e-03 6.8339869268e-02 -6.2902120820e-03 2.0249145367e-02  0
   235  3.4138786000e-03      6.1004781     8.0155756    -2.4609034  2.5780291891e-02 1.7072059310e-03 1.3443371102e-02 2.3433405357e-02 -3.0832957710e-03 3.7407032584e-02  0
   236  2.0119108000e-03      4.7136537     8.0525521    -1.3343451  2.0791022337e-02 -6.8522425470e-03 -6.5801538740e-03 1.4559816814e-02 3.6687515420e-03 2.2559541982e-02  0
   237  9.6369210000e-04      4.5676261     9.9011238    -0.7482731  1.2328032076e-02 -1.5731485010e-03 -3.3836295100e-04 1.0904151010e-02 8.9332067300e-04 1.0624836898e-02  0
   238  3.2367937000e-03      3.9437257     5.3811926     1.4537237  2.1385654324e-02 -4.8862606690e-03 -2.0087752140e-03 5.6475041015e-02 3.6344354318e-02 3.7601251827e-02  0
   239  4.5393933000e-03      4.3967985     7.4206174    -2.8281055  3.7259191321e-02 6.7294423660e-03 -2.2641952446e-02 4.0777007911e-02 -1.1680068516e-02 3.5573009157e-02  0
   240  1.2918945000e-03      3.6262003     9.1737043    -1.4509669  1.0306185108e-02 1.9224690510e-03 8.6703686000e-05 1.7073065332e-02 -5.2270767010e-03 1.9033670762e-02  0
   241  3.5756307000e-03      2.9837534     6.8625574    -1.6628321  6.5323445408e-02 4.2593175850e-03 1.9269294807e-02 1.5705207788e-02 1.4944333150e-03 1.8443436337e-02  0
   242  3.0790576000e-03      5.2105207     5.4704242     1.2594079  2.8414549416e-02 -9.3460757750e-03 1.2651476500e-03 3.1860858422e-02 -3.2968552890e-03 1.2126095582e-02  0
   243  4.9432544000e-03      3.5663755     9.4988883    -1.0377687  2.8027878972e-02 6.1778188290e-03 -3.5802336770e-03 1.2703462925e-01 -4.9485316410e-02 4.0720189165e-02  0
   244  1.6273368000e-03      4.1438430    10.2622414     1.0948243  3.0889200594e-02 -1.3712465202e-02 -7.3360593840e-03 3.4029506323e-02 7.1519379400e-04 9.8045529580e-03  0
   245  2.0473508000e-03      3.8628920     9.5470193     0.9279151  1.8404882686e-01 2.7153327355e-02 -4.2612820976e-02 1.7677773534e-02 -1.5542731858e-02 3.1872832576e-02  0
   246  2.3400294000e-03      4.7115550     6.9958468    -0.0185945  1.0091782783e-01 -1.6407027918e-02 -2.9496000220e-02 2.4872383392e-02 2.1549676130e-03 2.1860348535e-02  0
   247  2.2111600000e-03      3.4190480     6.6854516    -1.7844656  1.6464275729e-02 5.3210864040e-03 7.9185518240e-03 2.8527305338e-02 2.5917040704e-02 4.6050319564e-02  0
   248  3.4453066000e-03      4.0975524    10.7902571    -0.4864399  2.2213962776e-02 -3.5067039110e-03 -9.0501035850e-03 1.9452183203e-02 1.5316316682e-02 5.4960374754e-02  0
   249  1.6258528000e-03      4.4480313     5.9618998    -2.5515219  1.5672771335e-02 1.4297061930e-03 9.2952539200e-04 1.5902845567e-02 -8.6710741110e-03 3.0039771293e-02  0
   250  1.1082006000e-03      3.5234280     5.7163446    -0.6144539  1.0400563259e-02 -1.7526805990e-03 1.5020213290e-03 2.4113780131e-02 -1.2530451054e-02 1.6766826161e-02  0
   251  2.3354894000e-03      3.5335360     8.8567890     0.1939823  2.9089949357e-02 1.0840161911e-02 1.3590122220e-02 2.4433882973e-02 1.3677818612e-02 2.8175346887e-02  0
   252  2.0782824000e-03      3.1620865     9.8444462    -0.2986718  2.8228242233e-02 -3.7159831440e-03 7.9458521970e-03 1.7551325469e-02 -2.9140863010e-03 1.7073848181e-02  0
   253  8.9429850000e-04      5.3562830     6.1369679    -2.2625057  1.2010260176e-02 5.9636260530e-03 -1.2892196200e-04 1.4891296991e-02 7.6918142000e-04 1.0176233495e-02  0
   254  1.1607565000e-03      5.8980003    10.9616071    -1.3907983  2.0264916755e-02 -1.3241871565e-02 1.0969797207e-02 3.1406859579e-02 -2.1905848833e-02 2.7494088427e-02  0
   255  2.6283855000e-03      3.7450121     8.5473752    -0.5510176  1.3238701377e-02 1.2549121635e-02 2.2421290782e-02 4.3194648146e-02 5.1274528195e-02 1.1412760832e-01  0
   256  1.9193789000e-03      4.1082669     6.2430509    -1.5353643  2.0337966621e-02 -8.2398665000e-05 1.0968358034e-02 9.8594020710e-03 8.0054693000e-05 2.5832196121e-02  0
   257  1.2986497000e-03      4.8800794     5.6816420    -1.5644573  1.9582398462e-02 -8.3879926900e-04 -6.0684673820e-03 1.5119017438e-02 4.2441631880e-03 1.1693487136e-02  0
   258  2.3756649000e-03      5.1324030     4.9548132     1.2383770  2.7220250391e-02 2.4896670640e-02 3.1384419800e-03 5.0317128746e-02 2.7913920990e-03 1.2387705366e-02  0
   259  3.1161132000e-03      2.0777079     7.0971582    -1.5356023  3.2107472013e-02 -7.5325225470e-03 2.0847480570e-03 2.3410099836e-02 -2.6270352060e-03 1.0932966190e-02  0
   260  1.2954946000e-03      4.4576662     5.8245622     0.2472275  1.6584548571e-02 -8.6238393590e-03 -4.2540559000e-03 2.2715681493e-02 -6.1244584700e-04 1.2252539135e-02  0
   261  3.3799483000e-03      4.1049555     6.2557429    -2.0951873  2.1099427281e-02 2.3373956660e-03 2.8495959000e-05 1.1935324505e-02 2.8576274870e-03 3.4125443423e-02  0
   262  5.7928315000e-03      5.7920683     5.7698423    -2.3234388  3.9907194780e-02 6.6339269560e-03 2.8250176981e-02 6.9463163187e-02 1.1835159985e-02 4.2244260939e-02  0
   263  1.2599116200e-02      4.9713098    10.7025687    -0.5761712  7.3051357631e-02 -2.7469639840e-03 5.6902924703e-02 3.5085636961e-02 -7.9493979090e-03 1.1662172688e-01  0
   264  1.8763592000e-03      3.4244503     5.4470274     1.4305455  3.2781159129e-02 -1.1588919277e-02 -6.5871050020e-03 2.0475762048e-02 3.5347422880e-03 1.0503013197e-02  0
   265  3.6536915000e-03      1.6606291     7.5684575    -1.1479393  1.5953522766e-02 -1.0960125494e-02 -1.9350932209e-02 3.3195165402e-02 3.7722197417e-02 7.5046135799e-02  0
   266  8.1262320000e-04      4.9279646     5.1528320    -2.0128522  1.3334224056e-02 5.5545883100e-04 3.7026129760e-03 1.1427127951e-02 -1.2067227980e-03 1.1768058805e-02  0
   267  5.6547740000e-04      5.6889985     8.1202699    -2.3361472  1.2074608311e-02 6.4480920870e-03 5.9165673840e-03 2.0288711385e-02 1.1574666997e-02 1.5090904253e-02  0
   268  1.2617934000e-03      4.0457632    10.4105744    -1.8830422  1.0031110138e-02 -2.0246591100e-04 -1.8706318000e-04 6.6712573612e-02 -1.5625796220e-02 1.0585831287e-02  0
   269  1.6735637000e-03      6.4303117     6.2348001    -0.9256824  2.0588140576e-02 -1.0193015003e-02 -5.3842707900e-04 2.4201495588e-02 2.7398759070e-03 9.9246511350e-03  0
   270  7.4435950000e-04      4.0317477     5.2877545    -1.5508319  9.6851121870e-03 9.3778980000e-04 -4.9975995000e-04 1.1680556571e-02 -4.1572209220e-03 9.1338878730e-03  0
   271  1.9298385000e-03      5.7206796     9.1665420    -2.1326051  1.7593767073e-02 -4.3758141170e-03 -9.3557870260e-03 2.4369413332e-02 1.1437716265e-02 4.1247683211e-02  0
   272  4.1271190000e-04      2.7280328    10.1670648    -1.0594212  4.1472089419e-02 -1.8612839375e-02 1.6939260447e-02 1.4371461943e-02 -6.9115966420e-03 1.1747668160e-02  0
   273  5.5766485000e-03      6.3391896     6.6993241    -1.2824458  2.5983580048e-02 6.1053961660e-03 3.6233551640e-03 3.5320335578e-02 1.7196853799e-02 4.3893838212e-02  0
   274  1.0670323000e-03      6.8521125    10.7965487    -0.3698600  1.1187608082e-02 1.1194073896e-02 -7.3305739030e-03 4.5977189550e-02 -1.8999004753e-02 8.2225305327e-02  0
   275  1.0931453100e-02      4.4151789     7.3131077    -0.3129440  6.8336324019e-02 3.5802454707e-02 -4.5255028337e-02 6.4829352064e-02 -4.0762283358e-02 7.6550048973e-02  0
   276  3.8152241000e-03      3.3060488     8.4445136    -2.8394142  5.8175057076e-02 1.7628240495e-02 -1.5132141843e-02 2.5195743044e-02 -9.7929834590e-03 2.3856728364e-02  0
   277  1.4160902000e-03      5.0474865     6.2103805    -1.7985574  1.2957758733e-02 9.5304100140e-03 -4.5980570320e-03 3.4570934846e-02 -1.1643838359e-02 1.3328318136e-02  0
   278  1.1967005000e-03      4.7567457     4.6334565     1.0763427  2.3749135138e-02 -7.7605664250e-03 1.2248003480e-03 1.4291737273e-02 -9.9171048600e-04 1.0730269747e-02  0
   279  9.3373740000e-04      5.4047671     4.6760570    -1.7269338  8.6695905570e-03 -2.9164226680e-03 -5.4352812500e-04 1.8728584800e-02 2.5689644500e-04 9.2681657860e-03  0
   280  3.5853364000e-03      3.0931032    10.5373470    -0.8816091  3.9599657899e-02 -2.8944610989e-02 -6.9946986420e-03 5.5484151475e-02 -1.5710653090e-03 3.1115452225e-02  0
   281  1.2113355900e-02      5.1751656     7.9446298    -1.6523730  1.3759268751e-01 -2.5184033118e-02 4.8603088883e-02 3.5612687620e-02 -1.0911726822e-02 5.2103688076e-02  0
   282  1.0264711000e-03      5.7196832     6.7051369    -2.4358343  1.0132208126e-02 -1.6882339700e-04 6.2768946440e-03 1.2541002475e-02 -2.9783685100e-03 2.2557539974e-02  0
   283  2.0112477000e-03      4.1837244     6.7475381    -0.9269075  1.2500327992e-02 4.2493560810e-03 7.9494101520e-03 4.3567449648e-02 2.4483786566e-02 3.1680383017e-02  0
   284  2.0507579000e-03      4.2739734     5.5038279     1.2895987  2.1308763225e-02 -4.2139784060e-03 1.3013436758e-02 1.3699361674e-02 -3.7003320110e-03 3.4280604172e-02  0
   285  1.2268864200e-02      4.4919779     9.2872895    -2.2284062  1.4789050431e-01 1.0584387742e-01 8.5635863137e-02 1.0752643592e-01 5.2842426695e-02 1.2824151206e-01  0
   286  2.7077739000e-03      5.1292184     5.7042134    -0.7630545  2.4204741017e-02 3.7961585700e-03 -3.4545600490e-03 1.5335663787e-02 -6.0219475430e-03 3.0328099174e-02  0
   287  8.6843780000e-04      5.1343499     7.1101249    -1.1214872  1.2252328745e-02 -2.6053184990e-03 1.4966307800e-03 1.6348028218e-02 -4.3879862300e-03 1.2473344663e-02  0
   288  3.2794158000e-03      3.3492596     8.6391388    -3.2376585  2.2897540937e-02 4.2157158700e-04 -1.6809717300e-03 4.1163769521e-02 -4.9346469530e-03 1.1584996974e-02  0
   289  1.3100983000e-03      3.7252594     6.4131183    -1.4635011  1.1933953414e-02 -3.4128383140e-03 -3.1626034820e-03 1.5409033204e-02 -2.3498696200e-04 1.6837234421e-02  0
   290  1.6202969000e-03      5.7050907    10.6911233    -0.2802316  4.3639458037e-02 -3.6200429150e-03 -2.8679068692e-02 1.1946538277e-02 -3.1939378000e-03 4.1849661377e-02  0
   291  1.3531836400e-02      5.5019886     5.4178350    -0.0456559  6.5910296230e-02 -1.4449150617e-02 5.5529789095e-02 3.9174962625e-02 -3.4897356343e-02 1.4133552377e-01  0
   292  1.4436366000e-03      4.0142064     5.7283346    -0.4271215  2.9911791019e-02 3.9240870250e-03 1.1800142702e-02 9.5235061610e-03 2.5274452760e-03 1.8549770810e-02  0
   293  1.6142529000e-03      4.6217633     4.9235276     1.0533609  1.7617963740e-02 6.4662106520e-03 3.2406401400e-03 3.0990736183e-02 -3.1326431660e-03 1.2470711645e-02  0
   294  1.4378972000e-03      3.7654103     5.8202734     2.0479799  1.4108727082e-02 -2.0442504490e-03 -1.4240080190e-03 1.4495665845e-02 8.7834316360e-03 2.0449839676e-02  0
   295  1.4524522000e-03      4.5889490    10.9112528    -0.5545544  1.0952679602e-02 -4.8584081670e-03 3.7879078070e-03 1.9180723900e-02 3.9238795620e-03 3.7380914959e-02  0
   296  1.3542094000e-03      4.8677559     5.1318326    -1.2126415  1.7481166080e-02 -7.5892781160e-03 4.3311323800e-03 2.2053763693e-02 -1.7938788390e-03 9.0703027120e-03  0
   297  3.5660963000e-03      5.7738597     5.9258742     0.7542652  5.0845682800e-02 1.5859255592e-02 6.1842060600e-02 2.0382945985e-02 3.1904610411e-02 1.2847085266e-01  0
   298  2.0300477000e-03      4.1871073     5.0761361    -2.2606044  1.4098239205e-02 9.9647339000e-05 -4.2335992770e-03 9.9283222560e-03 -1.2645265770e-03 3.1298827867e-02  0
   299  1.0478952000e-03      2.6800613    11.2420758    -0.1462190  8.9468386680e-03 -5.7188982500e-04 2.7328951070e-03 1.1264236339e-02 7.6804926000e-04 2.3860862330e-02  0
   300  3.5461705000e-03      5.6483024     7.8322998    -2.7352062  4.5189899445e-02 1.8785692330e-03 -1.3032332930e-03 4.7795239808e-02 3.0623321870e-03 1.2211860077e-02  0
   301  3.4416573000e-03      5.4924474     5.6598054     1.0650000  3.5662770556e-02 -4.8844195780e-03 -9.3271572290e-03 2.0950342605e-02 3.8549727730e-03 3.1405372211e-02  0
   302  2.6351738000e-03      6.0852646     6.0739536    -2.0584917  1.9527864337e-02 -2.0281289991e-02 3.3121279370e-03 7.3389440207e-02 -2.7804909340e-03 1.2055438845e-02  0
   303  2.3995666000e-03      2.8260282     6.8040346     1.6021585  1.5396103777e-02 -3.7651816800e-03 2.1594784880e-03 4.0837912520e-02 -1.6811171380e-03 1.0246767440e-02  0
   304  2.1987359000e-03      5.1671843    11.1586427    -1.2651154  4.7260600645e-02 -1.6353671719e-02 -1.3948851845e-02 1.8953136312e-02 4.3451355380e-03 1.9120431962e-02  0
   305  4.2663800000e-03      5.6481275     5.2885053    -1.8650859  4.8393252941e-02 2.2015581671e-02 2.0721265540e-03 5.7192584663e-02 -8.1691339470e-03 1.9217152086e-02  0
   306  5.0724440000e-04      4.2898178     5.4119499    -2.7386268  1.2075809934e-02 -3.0024125580e-03 -4.2328003420e-03 9.3072234490e-03 2.0209530560e-03 9.2712742670e-03  0
   307  7.3343160000e-04      5.4864921     5.6310451    -1.3717298  1.6386646734e-02 7.8435456990e-03 -2.2797288270e-03 1.3641043534e-02 -3.5896757030e-03 8.5851784540e-03  0
   308  3.1883016000e-03      3.9990196     8.4885483    -2.3001213  7.9162808700e-02 -2.2997346480e-02 1.2454657032e-02 6.2946959313e-02 -1.1873483314e-02 1.7103070488e-02  0
   309  3.2182065000e-03      2.4165029     6.5077436     1.5316612  3.1135922483e-02 8.8590697030e-03 1.4477935122e-02 1.7509165666e-02 9.3619592210e-03 2.4957654632e-02  0
   310  1.0338827000e-03      4.6130019    10.9836750     0.8439725  9.3161346420e-03 -4.2932996250e-03 -8.7476491900e-04 3.1056733788e-02 -1.2202658319e-02 2.3468741332e-02  0
   311  1.3255483000e-03      4.9058083     8.7617158    -2.6138760  4.9226609287e-02 -8.3706457490e-03 2.7300689556e-02 1.0705982110e-02 -2.5829697180e-03 3.3273489786e-02  0
   312  1.0744646000e-03      5.1646438     4.9854241    -0.2415852  1.2526436055e-02 2.0634334270e-03 -4.7944708410e-03 7.4642459610e-03 -2.6964063030e-03 2.2543052252e-02  0
   313  1.5687188000e-03      4.5720070     8.1397744    -1.7448542  5.3839955433e-02 3.8316988584e-02 -7.7502988090e-03 5.5004328563e-02 -9.6266358130e-03 1.1251839168e-02  0
   314  8.3900778000e-03      3.2999445    10.5158412     0.9493355  4.9958881285e-02 1.5519499005e-02 5.0654493780e-03 8.9121376387e-02 -1.3572046784e-02 3.3471170273e-02  0
   315  2.4848767000e-03      3.6514622    11.2488580     0.6042973  2.4675184213e-02 1.3114732589e-02 -1.4990707459e-02 2.3969832032e-02 -9.2852418920e-03 3.7646276368e-02  0
   316  5.7035430000e-04      2.9539251    10.6720311     1.3196172  2.3698734920e-03 -2.6277310000e-05 -5.8159669000e-05 2.0130173944e-02 2.5651839172e-02 5.2275501639e-02  0
   317  1.2173174000e-03      5.3446421     6.7511492    -1.0570492  9.8663406100e-03 8.0473249000e-05 1.4289554440e-03 1.1242362386e-02 4.6277505810e-03 2.2262352377e-02  0
   318  1.2813352000e-03      6.3827882     5.5780465    -2.0377643  1.8203415932e-02 -4.2907302320e-03 3.3786001900e-03 1.2773531486e-02 -2.6082165550e-03 1.2012757478e-02  0
   319  2.8612206000e-03      4.0397173     5.7451940    -1.1628897  4.1550104604e-02 -6.0078598190e-03 -4.7545338747e-02 1.4000396569e-02 5.0185431390e-03 9.2302550993e-02  0
